# Table 1 from Capellari et al. (2013b)
#(1) Galaxy Name
#(2) log σ(Re/8) [km/s]
#(3) fDM(r = Re)
#(4) log (M/L)stars [Msun/Lsun_rband]
#(5) log (M/L)Salp [Msun/Lsun_rband]
#(1) (2) (3) (4) (5)
IC0560 1.920 0.12 0.429 0.381
IC0598 2.001 0.24 0.268 0.364
IC0676 1.825 0.20 0.481 0.261
IC0719 1.934 0.11 0.833 0.518
IC0782 1.818 0.57 0.318 0.510
IC1024 1.772 0.15 0.570 0.194
IC3631 1.733 0.00 -0.153 0.109
NGC0448 1.988 0.14 0.396 0.673
NGC0474 2.223 0.00 0.620 0.724
NGC0502 2.107 0.00 0.466 0.725
NGC0509 1.792 0.07 0.495 0.388
NGC0516 1.743 0.16 0.421 0.573
NGC0524 2.386 0.43 0.625 0.840
NGC0525 1.954 0.00 0.710 0.706
NGC0661 2.279 0.08 0.929 0.754
NGC0680 2.316 0.08 0.713 0.739
NGC0770 2.045 0.19 0.362 0.696
NGC0821 2.300 0.18 0.734 0.773
NGC0936 2.292 0.38 0.504 0.824
NGC1023 2.316 0.00 0.531 0.827
NGC1121 2.235 0.13 0.706 0.786
NGC1222 1.840 0.76 0.219 -0.014
NGC1248 1.965 0.00 0.326 0.488
NGC1266 1.897 0.00 0.598 0.364
NGC1289 2.133 0.14 0.577 0.578
NGC1665 1.999 0.12 0.450 0.567
NGC2481 2.271 0.06 0.642 0.706
NGC2549 2.174 0.17 0.666 0.710
NGC2577 2.320 0.06 0.843 0.790
NGC2592 2.384 0.01 0.882 0.812
NGC2594 2.263 0.07 0.659 0.729
NGC2679 1.983 0.17 0.423 0.576
NGC2685 1.972 0.18 0.327 0.620
NGC2695 2.342 0.11 0.672 0.795
NGC2698 2.355 0.00 0.749 0.802
NGC2699 2.181 0.07 0.538 0.724
NGC2764 1.954 0.00 0.649 0.154
NGC2768 2.306 0.00 0.933 0.772
NGC2778 2.215 0.04 0.842 0.768
NGC2824 2.127 0.45 0.262 0.343
NGC2852 2.306 0.00 0.834 0.784
NGC2859 2.252 0.06 0.546 0.732
NGC2880 2.150 0.25 0.580 0.675
NGC2950 2.230 0.11 0.539 0.661
NGC2962 2.244 0.00 0.813 0.782
NGC2974 2.375 0.07 0.950 0.787
NGC3032 1.983 0.42 0.164 -0.070
NGC3073 1.755 0.44 0.105 -0.145
NGC3098 2.038 0.18 0.517 0.612
NGC3156 1.838 0.23 0.245 0.132
NGC3182 2.060 0.48 0.336 0.606
NGC3193 2.299 0.08 0.532 0.794
NGC3226 2.250 0.00 0.873 0.784
NGC3230 2.303 0.04 0.754 0.795
NGC3245 2.322 0.11 0.588 0.727
NGC3248 1.990 0.15 0.420 0.527
NGC3301 2.096 0.21 0.297 0.448
NGC3377 2.163 0.06 0.553 0.731
NGC3379 2.329 0.33 0.600 0.838
NGC3384 2.208 0.22 0.404 0.724
NGC3400 1.878 0.18 0.522 0.687
NGC3412 2.022 0.47 0.211 0.648
NGC3414 2.365 0.14 0.714 0.826
NGC3457 1.889 0.21 0.173 0.517
NGC3458 2.253 0.05 0.627 0.767
NGC3489 2.028 0.24 0.113 0.394
NGC3499 1.845 0.25 0.189 0.449
NGC3522 2.011 0.24 0.582 0.648
NGC3530 2.049 0.23 0.493 0.695
NGC3595 2.206 0.00 0.602 0.749
NGC3599 1.874 0.11 0.234 0.467
NGC3605 1.966 0.00 0.459 0.668
NGC3607 2.360 0.07 0.661 0.799
NGC3608 2.286 0.09 0.669 0.829
NGC3610 2.244 0.12 0.409 0.566
NGC3613 2.327 0.00 0.772 0.761
NGC3619 2.221 0.28 0.615 0.693
NGC3626 2.134 0.23 0.332 0.261
NGC3630 2.241 0.13 0.550 0.745
NGC3640 2.267 0.17 0.534 0.722
NGC3641 2.241 0.34 0.821 0.773
NGC3648 2.277 0.21 0.694 0.807
NGC3658 2.216 0.00 0.572 0.721
NGC3665 2.352 0.14 0.748 0.764
NGC3674 2.346 0.04 0.811 0.809
NGC3694 1.892 0.60 0.082 0.437
NGC3757 2.170 0.20 0.610 0.705
NGC3796 1.955 0.34 0.243 0.387
NGC3838 2.144 0.00 0.589 0.694
NGC3941 2.144 0.00 0.400 0.693
NGC3945 2.262 0.22 0.549 0.760
NGC3998 2.445 0.15 0.920 0.818
NGC4026 2.279 0.08 0.633 0.747
NGC4036 2.276 0.00 0.697 0.783
NGC4078 2.242 0.07 0.823 0.755
NGC4111 2.201 0.00 0.651 0.616
NGC4119 1.771 0.20 0.423 0.306
NGC4143 2.336 0.16 0.646 0.834
NGC4150 1.945 0.20 0.336 0.358
NGC4168 2.241 0.25 0.775 0.738
NGC4179 2.264 0.08 0.724 0.771
NGC4191 2.127 0.22 0.533 0.685
NGC4203 2.202 0.00 0.536 0.827
NGC4215 2.147 0.04 0.589 0.652
NGC4233 2.337 0.22 0.724 0.812
NGC4249 1.885 0.78 -0.071 0.672
NGC4251 2.137 0.08 0.360 0.684
NGC4255 2.255 0.04 0.785 0.743
NGC4259 2.060 0.51 0.212 0.728
NGC4261 2.469 0.28 0.820 0.859
NGC4262 2.290 0.02 0.751 0.782
NGC4264 2.021 0.31 0.464 0.668
NGC4267 2.193 0.17 0.548 0.831
NGC4268 2.194 0.20 0.744 0.672
NGC4270 2.153 0.00 0.542 0.669
NGC4278 2.395 0.26 0.734 0.846
NGC4281 2.409 0.00 0.956 0.788
NGC4283 2.078 0.00 0.568 0.770
NGC4324 1.969 0.32 0.310 0.620
NGC4339 2.093 0.00 0.684 0.728
NGC4340 2.030 0.34 0.484 0.700
NGC4342 2.403 0.01 1.018 0.822
NGC4346 2.162 0.22 0.517 0.718
NGC4350 2.300 0.08 0.717 0.826
NGC4365 2.408 0.18 0.688 0.862
NGC4371 2.142 0.27 0.596 0.789
NGC4374 2.460 0.15 0.761 0.846
NGC4377 2.164 0.53 0.284 0.733
NGC4379 2.069 0.00 0.600 0.735
NGC4382 2.264 0.50 0.438 0.578
NGC4387 2.024 0.00 0.574 0.759
NGC4406 2.336 0.17 0.717 0.816
NGC4417 2.183 0.13 0.569 0.771
NGC4425 1.921 0.14 0.529 0.638
NGC4429 2.292 0.00 0.787 0.824
NGC4434 2.116 0.00 0.416 0.753
NGC4435 2.214 0.13 0.518 0.734
NGC4442 2.288 0.00 0.672 0.838
NGC4452 1.771 0.00 0.706 0.679
NGC4458 2.032 0.15 0.460 0.740
NGC4459 2.252 0.20 0.572 0.721
NGC4461 2.173 0.06 0.621 0.792
NGC4472 2.460 0.00 0.746 0.856
NGC4473 2.287 0.24 0.574 0.780
NGC4474 1.964 0.05 0.482 0.660
NGC4476 1.854 0.20 0.324 0.382
NGC4477 2.234 0.47 0.602 0.788
NGC4478 2.160 0.00 0.715 0.775
NGC4483 1.966 0.30 0.472 0.757
NGC4486 2.497 0.13 0.815 0.883
NGC4486A 2.156 0.00 0.656 0.705
NGC4489 1.812 0.77 -0.030 0.556
NGC4494 2.188 0.20 0.511 0.699
NGC4503 2.170 0.00 0.733 0.815
NGC4521 2.247 0.16 0.774 0.778
NGC4526 2.371 0.00 0.748 0.775
NGC4528 2.044 0.01 0.580 0.641
NGC4546 2.345 0.00 0.737 0.810
NGC4550 1.974 0.21 0.537 0.656
NGC4551 1.998 0.00 0.697 0.769
NGC4552 2.418 0.21 0.743 0.861
NGC4564 2.241 0.04 0.669 0.792
NGC4570 2.281 0.15 0.574 0.820
NGC4578 2.043 0.38 0.514 0.739
NGC4596 2.179 0.18 0.638 0.776
NGC4608 2.139 0.00 0.633 0.766
NGC4612 1.934 0.56 0.168 0.448
NGC4621 2.350 0.03 0.759 0.846
NGC4623 1.835 0.50 0.309 0.723
NGC4624 2.156 0.25 0.582 0.794
NGC4636 2.300 0.39 0.789 0.844
NGC4638 2.080 0.05 0.433 0.703
NGC4643 2.184 0.14 0.635 0.755
NGC4649 2.498 0.29 0.774 0.871
NGC4660 2.338 0.10 0.601 0.817
NGC4684 1.837 0.10 0.304 0.571
NGC4690 2.052 0.00 0.590 0.542
NGC4694 1.792 0.00 0.150 -0.042
NGC4697 2.257 0.00 0.703 0.800
NGC4710 2.021 0.00 0.645 0.587
NGC4733 1.750 0.00 0.338 0.518
NGC4753 2.263 0.25 0.519 0.615
NGC4754 2.254 0.21 0.596 0.815
NGC4762 2.129 0.23 0.417 0.760
NGC4803 2.016 0.55 0.336 0.670
NGC5103 2.061 0.22 0.376 0.695
NGC5173 2.005 0.33 0.261 0.507
NGC5198 2.304 0.00 0.794 0.809
NGC5273 1.870 0.55 0.247 0.502
NGC5308 2.376 0.09 0.744 0.790
NGC5322 2.395 0.16 0.634 0.700
NGC5342 2.254 0.21 0.676 0.773
NGC5353 2.462 0.11 0.769 0.855
NGC5355 1.918 0.47 0.227 0.279
NGC5358 1.886 0.27 0.477 0.623
NGC5379 1.840 0.73 0.307 0.468
NGC5422 2.242 0.21 0.670 0.758
NGC5473 2.332 0.49 0.511 0.783
NGC5475 2.041 0.33 0.411 0.544
NGC5481 2.174 0.00 0.776 0.740
NGC5485 2.253 0.09 0.806 0.777
NGC5493 2.208 0.20 0.305 0.514
NGC5500 1.915 0.13 0.649 0.650
NGC5507 2.320 0.17 0.708 0.786
NGC5557 2.406 0.01 0.659 0.774
NGC5574 1.885 0.04 0.378 0.368
NGC5576 2.269 0.00 0.454 0.705
NGC5582 2.180 0.37 0.599 0.752
NGC5611 2.120 0.06 0.651 0.645
NGC5631 2.207 0.10 0.580 0.627
NGC5638 2.202 0.06 0.647 0.791
NGC5687 2.280 0.12 0.864 0.768
NGC5770 1.988 0.12 0.328 0.576
NGC5813 2.354 0.47 0.699 0.816
NGC5831 2.220 0.14 0.610 0.743
NGC5838 2.441 0.00 0.901 0.834
NGC5839 2.208 0.01 0.716 0.802
NGC5845 2.431 0.00 0.695 0.810
NGC5846 2.365 0.14 0.844 0.853
NGC5854 2.061 0.12 0.356 0.472
NGC5864 2.079 0.00 0.570 0.636
NGC5866 2.205 0.00 0.663 0.640
NGC5869 2.260 0.24 0.750 0.787
NGC6010 2.213 0.17 0.685 0.719
NGC6014 1.953 0.48 0.429 0.518
NGC6017 2.041 0.00 0.447 0.526
NGC6149 2.031 0.31 0.425 0.611
NGC6278 2.338 0.16 0.667 0.812
NGC6547 2.285 0.12 0.740 0.629
NGC6548 2.240 0.20 0.768 0.698
NGC6703 2.260 0.00 0.775 0.736
NGC6798 2.137 0.16 0.564 0.684
NGC7280 2.061 0.36 0.406 0.444
NGC7332 2.143 0.07 0.288 0.528
NGC7454 2.049 0.13 0.673 0.585
NGC7457 1.874 0.45 0.238 0.455
NGC7465 1.971 0.05 0.333 0.348
NGC7693 1.816 0.00 0.586 0.357
NGC7710 2.019 0.00 0.537 0.616
PGC016060 1.992 0.00 0.651 0.509
PGC028887 2.132 0.35 0.643 0.730
PGC029321 1.762 0.90 -0.541 0.362
PGC035754 2.067 0.00 0.577 0.634
PGC042549 2.004 0.14 0.422 0.506
PGC044433 2.123 0.10 0.688 0.724
PGC050395 1.869 0.74 -0.061 0.581
PGC051753 1.892 0.15 0.584 0.621
PGC054452 1.818 0.28 0.411 0.534
PGC056772 1.916 0.00 0.620 0.379
PGC061468 1.823 0.90 -0.280 0.415
PGC170172 2.020 0.16 0.111 0.650
UGC03960 1.946 0.04 0.729 0.606
UGC04551 2.265 0.04 0.658 0.737
UGC05408 1.919 0.00 0.194 0.331
UGC06062 2.156 0.25 0.629 0.760
UGC06176 2.045 0.50 0.331 0.328
UGC08876 2.152 0.00 0.760 0.740
UGC09519 1.992 0.10 0.513 0.345